A0A661ZZE0	A0A661ZZE0
A0A661ZZE0	I4IF14
A0A1G2ZHY7	A0A1G2ZHY7
A0A1G2ZHY7	A0A661SMY3
A0A661S6C7	A0A661S6C7
A0A1J4S980	A0A1J4S980
A0A523RA70	A0A523RA70
A0A523RA70	A0A523TEQ0
A0A523RA70	A0A1Q9MSN6
A0A523RA70	A0A0F8V891
V4XYI3	V4XYI3
V4XYI3	A0A2R6GN09
V4XYI3	A0A2R6E3F1
V4XYI3	A0A0F7PF59
V4XYI3	U1N8A9
A0A1W9V0P9	A0A1W9V0P9
A0A519BDU8	A0A519BDU8
M0HGC7	M0HGC7
M0HGC7	A0A6B9Y376
A0A161ZHL6	A0A161ZHL6
I4HDS9	I4HDS9
A0A2H0A9D2	A0A2H0A9D2
A0A662J7C2	A0A662J7C2
A0A662J7C2	A0A497LEV4
D8F818	D8F818
M0JNT5	M0JNT5
M0JNT5	L0JRK5
M0JNT5	A0A2R6HBB5
M0JNT5	U1N150
M0JNT5	A0A1U7EYX0
M0JNT5	V4YCN6
M0JNT5	A0A2R6GGS0
M0JNT5	A0A2R6KZU4
M0JNT5	A0A2R6E8Z3
A0A432QWA9	A0A432QWA9
A0A419FTU3	A0A419FTU3
A0A419FTU3	A0A522BXR5
A0A1F8QYX0	A0A1F8QYX0
A0A1F8QYX0	A0A3L7WNK9
A0A1F8QYX0	A0A1J5ATF0
A0A1F8QYX0	A0A1F6CUE7
A0A1F8QYX0	A0A1W9V1C0
A0A2T2WC51	A0A2T2WC51
A0A2T2WC51	A0A1U7J6X9
A0A2T2WC51	A0A2W7BVC0
A0A2T2WC51	A0A2W6YQ56
A0A2T2WC51	A0A2W4WFJ3
A0A2T2WC51	A0A0T7BLY6
A0A2T2WC51	A0A1F3SVH8
A0A2T2WC51	A0A6P1ZU30
A0A2T2WC51	A0A1Z4JMB9
A0A2T2WC51	A0A2K8WS94
A0A2T2WC51	A0A1Z4QQJ0
A0A661SQ44	A0A661SQ44
A0A661SQ44	A0A090AEV4
A0A661SQ44	A3IIF2
A0A661SQ44	G4SXQ8
A0A661SQ44	A0A522WZ93
A0A661SQ44	A0A1Y2ZVD3
A0A661SQ44	D8G2Z6
A0A661SQ44	A0A1Q4R3M5
A0A661SQ44	A0A081BXK4
A0A661SQ44	A0A0G1RIP8
A0A661SQ44	A0A0B0EE52
A0A661SQ44	A0A419FRZ1
A0A661SQ44	A0A6P2AXP7
A0A062V5K3	A0A062V5K3
A0A062V5K3	A0A5E4L3J8
A0A062V5K3	A0A2I0NJ45
A0A062V5K3	A0A0E3PR22
A0A2N2PSN8	A0A2N2PSN8
A0A2N2PSN8	A0A661SRL5
A0A2N2PSN8	A0A3M1EVC0
A0A2N2PSN8	A0A496ZYP8
A0A1E3X6E2	A0A1E3X6E2
A0A811T5H1	A0A811T5H1
A0A811T5H1	A0A3R7I2D9
A0A811T5H1	A0A2V3JMA0
A0A662RC94	A0A662RC94
A0A662RC94	A0A419JHV7
M0NK86	M0NK86
M0NK86	A0A256IE47
M0NK86	V4YCP7
M0NK86	A0A371M0Y3
M0NK86	A0A1I6SQD3
M0NK86	A0A2R6H6L4
M0NK86	G0LKK4
M0NK86	V4XPH6
M0NK86	A0A0P7HQJ2
M0NK86	A0A2R6J9L1
M0NK86	A0A2P4NM80
M0NK86	A0A1I5ULQ1
M0NK86	A0A4D6HUW1
M0NK86	A0A1I5WHN7
M0NK86	U1NJG7
M0NK86	M0DTS5
M0NK86	A0A3A5JK66
M0NK86	A0A3A5JJ38
M0NK86	A0A5P9P881
M0NK86	A0A151ABA2
M0NK86	A0A2R6FYS3
M0NK86	A0A2R6JBJ6
M0NK86	M0D983
M0NK86	M0HXA7
M0NK86	Q9HHH2
M0NK86	A0A2R6LI71
M0NK86	A0A2R6LG54
M0NK86	A0A1P8RI12
M0NK86	A0A2R6M3U5
A0A1J4LQC6	A0A1J4LQC6
A0A1J4LQC6	L9WP58
A2BN76	A2BN76
F7PPS6	F7PPS6
F7PPS6	U1NUF8
F7PPS6	A0A3A6QB52
K9YX54	K9YX54
K9YX54	K9SSA2
K9YX54	A0A1E2WS60
K9YX54	I4G9V8
K9YX54	K9V4G9
K9YX54	A0A2T1D0Y4
K9YX54	A0A1L9QQB5
K9YX54	A0A2T1DAD1
K9YX54	A0A0P7ZRY8
A0A533QJ03	A0A533QJ03
A0A497AQ35	A0A497AQ35
A0A497AQ35	A0A0S6VYA0
A0A497AQ35	A0A2T1DDR6
A0A497AQ35	A0A1J5ABH2
A0A497AQ35	A0A497BXK0
A0A497AQ35	A0A1W9UY89
A0A497AQ35	A0A6A0HWF5
A0A497AQ35	A0A1J5J651
A0A497AQ35	A0A1L9QUA2
A0A497AQ35	K9VUB0
A0A497AQ35	A0A6P2A3N7
A0A497AQ35	D8FZD1
A0A3N5P158	A0A3N5P158
A0A1W9UWU9	A0A1W9UWU9
A0A1W9SRC4	A0A1W9SRC4
A0A1W9SRC4	A0A1W9T3L8
A0A1W9SRC4	A0A2M7NJ78
A0A1W9SRC4	A0A1G3KPG7
A0A0S6VSC9	A0A0S6VSC9
A0A2R6L538	A0A2R6L538
A0A2R6L538	A0A2R6GCX2
A0A2R6L538	A0A2R6M216
A0A2R6L538	A0A2R6DYM2
A0A2R6L538	M0DE84
A0A2R6L538	A0A1G7LKR1
A0A2R6L538	A0A2R6MU76
A0A2R6L538	J3JD94
A0A2R6L538	M1XT92
A0A2R6L538	A0A0M9AN26
A0A2R6L538	D8JC60
A0A166SGV0	A0A166SGV0
A0A7G9Z025	A0A7G9Z025
A0A7U3WBQ4	A0A7U3WBQ4
A0A1Q9P309	A0A1Q9P309
A0A4V6E3J3	A0A4V6E3J3
A0A4V6E3J3	A0A897N4G8
A0A4V6E3J3	A0A897NXH8
A0A371MS17	A0A371MS17
A0A371MS17	A0A371LRN3
A0A1F9EKW2	A0A1F9EKW2
A0A1F9EKW2	A0A1G1DKD0
A0A1F9EKW2	A0A2M7F617
A0A1F9EKW2	A0A1G1HH58
A0A6A0HR04	A0A6A0HR04
A0A3A0CWP8	A0A3A0CWP8
A0A1V4YFU8	A0A1V4YFU8
A0A2W6Z0A6	A0A2W6Z0A6
A0A4U7CT85	A0A4U7CT85
A0A4U7CT85	M0BGC0
A0A4U7CT85	F7PQ79
A0A4U7CT85	A0A2R6JVP7
A0A4U7CT85	A0A2R6KSW2
A0A4U7CT85	U1NF82
A0A4U7CT85	M0M4T4
A0A343TGR4	A0A343TGR4
A0A343TGR4	A0A5J5LPN8
A0A343TGR4	A0A4U7CM86
A0A343TGR4	A0A2R6H2K0
A0A343TGR4	M0EAS6
A0A343TGR4	M0KC34
A0A497NV63	A0A497NV63
A0A497NV63	A0A662Q790
A0A497QLJ1	A0A497QLJ1
A0A497QLJ1	A0A662HLP3
A0A497QLJ1	A0A662UV27
A0A2H0TJA4	A0A2H0TJA4
A0A2M7AM20	A0A2M7AM20
F4C0I5	F4C0I5
F4C0I5	A0A086YSS8
F4C0I5	A0A5E4IT27
F4C0I5	A0A5E4KDP1
A0A532EZG2	A0A532EZG2
A0A524FPM7	A0A524FPM7
A0A524FPM7	A0A1Q9MUQ8
A0A524FPM7	A0A524F811
A0A524FPM7	A0A524FF97
A0A524FPM7	A0A532TQY9
A0A537H028	A0A537H028
A0A5N1J732	A0A5N1J732
A0A2N2PTT8	A0A2N2PTT8
A0A662AT15	A0A662AT15
A0A662AT15	A0A662A9J6
K2RDH2	K2RDH2
A0A0B0EFN7	A0A0B0EFN7
A0A661SEF8	A0A661SEF8
A0A661SEF8	A0A1B7W6G6
A0A651F908	A0A651F908
A0A496T9R9	A0A496T9R9
A0A1H3ATU9	A0A1H3ATU9
A0A081C743	A0A081C743
A0A661RCG6	A0A661RCG6
A0A661RCG6	K0NDS6
A0A661RCG6	A0A3A4QDY2
A0A1F8TQW9	A0A1F8TQW9
A0A5Q0UJN8	A0A5Q0UJN8
A0A7D5TWL4	A0A7D5TWL4
A0A7D5TWL4	A0A1H6G3I0
A0A7D5TWL4	A0A5P9P8G3
A0A7D5TWL4	A0A830G519
A0A7D5TWL4	A0A2R6MNA4
A0A7D5TWL4	A0A830FB00
A0A7D5TWL4	A0A7D4YB67
A0A7D5TWL4	A0A2R6H1U0
A0A7D5TWL4	A0A2R6FMB4
A0A7D5TWL4	A0A2R6M2J9
A0A7D5TWL4	A0A2R6GHR5
A0A7D5TWL4	L9YBU1
A0A7D5TWL4	A0A2B7GCA4
A0A7D5TWL4	M0NAD7
A0A7D5TWL4	A0A2R6JE06
A0A1J5GR39	A0A1J5GR39
A0A1J5GR39	A0A1D9FZN8
A0A1J5GR39	A0A2W7BVA8
A0A3M1WRC5	A0A3M1WRC5
A0A1Q9NFK0	A0A1Q9NFK0
A0A2G9XIS1	A0A2G9XIS1
A0A1E7GPC0	A0A1E7GPC0
A0A1E7GPC0	A0A522V5Z9
A0A3A5B3K4	A0A3A5B3K4
A0A151ET66	A0A151ET66
A0A1S8AU68	A0A1S8AU68
A0A1S8AU68	L9Y0A0
A0A1S8AU68	L9WHV2
A0A1S8AU68	A0A1N7FG76
A0A1S8AU68	L9VPJ3
A0A661VGG6	A0A661VGG6
A0A661VGG6	A0A497BCV7
A0A661VGG6	A0A3N5NKA7
A0A661VGG6	A0A661VYI4
A0A661VGG6	A0A3M1WPF7
A0A661VGG6	A0A662RJR7
A0A661VGG6	A0A368TL73
A0A661VGG6	A0A2V3JI51
A0A661VGG6	A0A520K1Q7
A0A661VGG6	A0A524A6M3
A0A661VGG6	A0A2H5VH90
A0A497B4Z2	A0A497B4Z2
A0A497B4Z2	A0A3M1LJK6
A0A830EJL8	A0A830EJL8
A0A426U555	A0A426U555
A0A426U555	A0A497B8N5
A0A0S6VWH3	A0A0S6VWH3
A0A1V1P7S1	A0A1V1P7S1
A0A1F9MR35	A0A1F9MR35
A0A3A4WQ00	A0A3A4WQ00
A0A3A4WQ00	A0A1W9W6G7
A0A3A4WQ00	A0A1E3XAI0
A0A3A4WQ00	A0A1W9MKW3
A0A3A4WQ00	A0A1W9WD44
A0A3A4WQ00	A0A6L3F263
A0A3A4WQ00	A0A1V1NZK2
A0A3A4WQ00	A0A3M1PAG6
A0A3A4WQ00	A0A1J4SAG9
A0A3A4WQ00	A0A3A0A7M1
A0A3A4WQ00	A0A661W2D6
A0A3A4WQ00	A0A1J5A0S7
A0A3A4WQ00	A0A3L7XT58
A0A3A4WQ00	A0A1W9TJS2
A0A3A4WQ00	A0A1F9MN97
A0A3A4WQ00	H8Z264
A0A3A4WQ00	A0A3A0BT77
A0A3A4WQ00	A0A2M7KNF3
A0A3A4WQ00	A0A0S8B9F2
A0A3A4WQ00	A0A6A0HQY2
A0A1J5NQZ5	A0A1J5NQZ5
A0A1J5NQZ5	A0A1J5JKD8
A0A1J5NQZ5	K2RUH0
A0A1J5NQZ5	F2KQ93
A0A1J5NQZ5	A0A5E4KXX5
A0A522VGK3	A0A522VGK3
D6STY1	D6STY1
D6STY1	A0A2S8K4B4
D6STY1	A0A1V1X0Z8
D6STY1	A0A4P8L5V2
D6STY1	A0A523WS00
D6STY1	A0A1W9MLK8
D6STY1	A0A1V4MMF7
A3JKY5	A3JKY5
A0A5Q0UJ04	A0A5Q0UJ04
A0A5Q0UJ04	A0A656YWG3
A0A5Q0UJ04	A0A133UIN7
G0LJP7	G0LJP7
G0LJP7	U3A2J8
G0LJP7	U1PDV8
A0A318CVP8	A0A318CVP8
A0A1D2QCA8	A0A1D2QCA8
A0A3A5JDX5	A0A3A5JDX5
A0A3A5JDX5	A0A5Q0ULN5
A0A3A5JDX5	A0A1D2QK66
A0A3A5JDX5	M1Y2Q9
A0A3A5JDX5	A0A1Q1FKD9
A0A3A5JDX5	A0A1N7FT13
A0A3A5JDX5	I3R980
A0A3A5JDX5	L9WZJ4
A0A3A5JDX5	A0A285P1H5
A0A3A5JDX5	A0A0W1RB00
A0A3A5JDX5	A0A897MNP1
A0A3A5JDX5	A0A2R6D6D1
A0A3A5JDX5	A0A5D5ANG2
A0A3A5JDX5	A0A063ZM03
A0A3A5JDX5	A0A482Y6U0
A0A3A5JDX5	A0A1M5TGZ9
A0A3A5JDX5	A0A3R7FL48
A0A3A5JDX5	C7P3C6
A0A3A5JDX5	M0D0C9
A0A3A5JDX5	M0D350
A0A3A5JDX5	U1NH49
A0A3A5JDX5	A0A4V6DZQ3
A0A2M7R3R9	A0A2M7R3R9
A0A662I211	A0A662I211
A0A1G3XSG2	A0A1G3XSG2
A0A1G3XSG2	A0A1G1FHA6
A0A1G3XSG2	A0A1G1J0J3
A0A1G3XSG2	A0A1F7RR02
A0A1G3XSG2	A0A1F7RM64
A0A1G3XSG2	A0A1G3BTE2
A0A661VHB1	A0A661VHB1
A0A1J4SCK3	A0A1J4SCK3
A0A1E7J7I3	A0A1E7J7I3
A0A1Y1QM25	A0A1Y1QM25
A0A1Y1QM25	A0A5C7QSK7
A0A1F9LZ93	A0A1F9LZ93
A0A1F9LZ93	A0A2G9XL64
A0A1F9LZ93	A0A1F9CTR8
A0A1P9X0F6	A0A1P9X0F6
A0A1W1HHF9	A0A1W1HHF9
A0A1W1HHF9	S0G6W6
A0A1W1HHF9	A0A419GJ55
A0A1W1HHF9	A0A0S6VZY8
A0A1W1HHF9	A0A2H6F643
A0A1W1HHF9	A0A1V6M118
A0A1W1HHF9	A0A1G1DYA5
A0A1W1HHF9	A0A2M7CFG5
A0A1W1HHF9	A0A420Z6A9
A0A1W1HHF9	A0A1E5QWN7
A0A1W1HHF9	A0A1B7UZ01
A0A1W1HHF9	A0A2G9XE42
A0A0P0N3E4	A0A0P0N3E4
A0A554L3K9	A0A554L3K9
A0A554L3K9	A0A1F7GCE5
A0A554L3K9	A0A1F7Y0J8
A0A554L3K9	A0A1F7IF39
A0A554L3K9	A0A2G9Y5V8
A0A554L3K9	A0A1F7Y128
A0A554L3K9	A0A2M7XZ54
A0A554L3K9	A0A2M6YVL2
A0A2K9LED5	A0A2K9LED5
A0A2K9LED5	N6YGJ0
A0A2K9LED5	A0A4S4B4D7
A0A2K9LED5	C4ZN16
A0A2K9LED5	A0A522LV39
A0A2K9LED5	A0A1G3HYU1
A0A2K9LED5	A0A1F4HLG5
A0A2K9LED5	A0A2N1XDU0
A0A2K9LED5	B9YZ05
A0A2K9LED5	A0A2T4IKE0
A0A1N7EVP5	A0A1N7EVP5
A0A3A0AW31	A0A3A0AW31
A0A1W9RB00	A0A1W9RB00
A0A661S1P9	A0A661S1P9
A0A661S1P9	A0A1W9V755
A0A661S1P9	A0A2V3JIG3
A0A661S1P9	A0A1J5A6H1
A0A661S1P9	A0A2N2PRA7
A0A1V4AR66	A0A1V4AR66
A0A1V4AR66	A0A1J5DGS5
A0A1V4AR66	A0A2H6F4S9
A0A661SPM0	A0A661SPM0
A0A662W0R0	A0A662W0R0
A0A662W0R0	A0A7G9ZAH9
A0A2N2PN71	A0A2N2PN71
A0A063ZJF7	A0A063ZJF7
A0A063ZJF7	A0A830FPP9
A0A063ZJF7	A0A1I0NQ85
A0A1W9SRM0	A0A1W9SRM0
A0A1W9SRM0	A0A5D0MMI2
A0A1W9SRM0	A0A1G3C9F9
A0A1W9SRM0	A0A2H6FKM4
A0A1W9SRM0	S0G1Y9
A0A1W9SRM0	A0A662BBI8
A0A1W9SRM0	D3S2T3
A0A1W9SRM0	A0A2M6ZUA5
A0A1W9SRM0	A0A424YC56
A0A1W9SRM0	A0A497JC74
A0A1W9SRM0	A0A662VR66
A0A1W9SRM0	A0A086YJB6
A0A1W9SRM0	A0A1G1DFJ2
A0A1W9SRM0	A0A0S1XEY1
A0A1W9SRM0	I3ZVK6
A0A1W9SRM0	A0A097QWP1
A0A1W9SRM0	W8NUE4
A0A1W9SRM0	Q5JFZ2
A0A1W9SRM0	A0A117ITL9
A0A1W9SRM0	A0A151B1W0
A0A3L7X7H6	A0A3L7X7H6
A0A3L7X7H6	A0A3L7WZR8
A0A3L7X7H6	A0A1J4RN92
A0A318D6J4	A0A318D6J4
A0A318D6J4	A0A2M7AAH3
A0A318D6J4	A0A7L9CDR0
A0A318D6J4	A0A1F3KMB7
A0A1W9SRU6	A0A1W9SRU6
A0A3A0BHQ3	A0A3A0BHQ3
A0A2H6F8E3	A0A2H6F8E3
A0A1F4JRR4	A0A1F4JRR4
A0A0M2UQM3	A0A0M2UQM3
A0A1W9UZK7	A0A1W9UZK7
A0A1W9UZK7	A0A1W9MQN2
A0A1W9UZK7	A0A1W9WAY4
A0A2M6YUL1	A0A2M6YUL1
A0A2I0N3V6	A0A2I0N3V6
A0A2I0N3V6	A0A1F8QXH8
A0A2I0N3V6	A0A363U4U2
A0A2I0N3V6	A0A1F8UB49
A0A497ATR2	A0A497ATR2
A0A497ATR2	A0A1F8R7N4
A0A497ATR2	A0A2N2PRK9
A0A497ATR2	A0A2W7BM73
A0A497ATR2	K9ZH10
A0A497ATR2	A0A068N0K5
A0A0P9GAC7	A0A0P9GAC7
A0A0P9GAC7	A0A2H9LMQ3
A0A450VGU5	A0A450VGU5
A0A450VGU5	A0A450Z1T6
A0A523C3Y1	A0A523C3Y1
A0A1F8TS46	A0A1F8TS46
A0A1Q9NCV2	A0A1Q9NCV2
A0A524AH00	A0A524AH00
A0A1N6XRP9	A0A1N6XRP9
A0A1N6XRP9	A0A258R5Z4
A0A1N6XRP9	A0A1E4L3B3
A0A1N6XRP9	A0A1G0NIN9
A0A1N6XRP9	A0A106BP30
A0A1N6XRP9	Q3SJ21
A0A1N6XRP9	N6YTZ9
A0A1N6XRP9	A0A2N2URN8
A0A1N6XRP9	A0A521HKC3
A0A1N6XRP9	S9ZLM3
A0A1N6XRP9	A0A127K6U5
A0A1N6XRP9	A0A6L4B429
A0A1N6XRP9	H0Q1W9
A0A2A6RLV3	A0A2A6RLV3
A0A1W9R8Y9	A0A1W9R8Y9
A0A1W9R8Y9	A0A1W9ST75
A0A497FFH1	A0A497FFH1
A0A6H9KME6	A0A6H9KME6
F2KQE1	F2KQE1
F2KQE1	D3S222
A0A3M1P0U3	A0A3M1P0U3
A0A0K2M0L0	A0A0K2M0L0
A0A0K2M0L0	A0A661VIG2
A0A524A6X4	A0A524A6X4
A0A524A6X4	A0A521HX75
A0A524A6X4	A0A3A4QVM7
A0A524A6X4	A0A2M7CPR8
A0A256BIZ0	A0A256BIZ0
A0A1W9WNN5	A0A1W9WNN5
A0A1W9WNN5	A0A1E7IXF6
A0A1W9WNN5	A0A318CTB3
A0A1W9WNN5	A0A090AGI7
A0A5C9ET27	A0A5C9ET27
A0A5C9ET27	A0A532TMK4
A0A5C9ET27	A0A532TGL5
A0A5C9ET27	A0A524DB40
A0A5C9ET27	A0A524FGX4
A0A5C9ET27	A0A1Q9MQA4
A0A520K8M5	A0A520K8M5
A0A520K8M5	A0A497GR18
A0A520K8M5	A0A497L478
A0A520K8M5	A0A662D0K0
A0A1J4ZYN6	A0A1J4ZYN6
A0A1J4ZYN6	A0A1E7JED6
A0A1J4ZYN6	A0A3M1ELS1
A0A1W9MPI5	A0A1W9MPI5
A0A1W9MPI5	A0A2N2Q0J1
A0A1W9MPI5	A0A2N2PUR1
A0A1W9MPI5	A0A1J5J8E4
A0A1W9MPI5	A0A161K3U5
A0A1W9MPI5	A0A1J4ZME0
A0A3M1XZE9	A0A3M1XZE9
A0A1G0LVC4	A0A1G0LVC4
A0A1G0LVC4	A0A3A6MQU0
A0A1G0LVC4	A0A5C2HFW3
M0JG96	M0JG96
M0JG96	U1ND35
M0JG96	A0A4D6HTR4
M0JG96	A0A0F7PB75
A0A0C9NJ41	A0A0C9NJ41
A0A0C9NJ41	A0A1G1H4S1
A0A0C9NJ41	A0A3M1FYP3
A0A0C9NJ41	A0A6N6S372
A0A0C9NJ41	A0A1G1DG21
A0A0C9NJ41	A0A1G3Y786
A0A0C9NJ41	A0A2M7CL11
A0A662I3Y1	A0A662I3Y1
A0A662I3Y1	A0A497G1B9
A0A1H3MNS5	A0A1H3MNS5
A0A1H3MNS5	A0A643KAC7
A0A1H3MNS5	A0A1N7EKB5
A0A1H3MNS5	A0A2I8VKV0
A0A822IHG2	A0A822IHG2
A0A1W9XF52	A0A1W9XF52
A0A2M7C8Y1	A0A2M7C8Y1
A0A1Y1RJ17	A0A1Y1RJ17
A0A166TQ71	A0A166TQ71
A0A166TQ71	A0A2R6GN19
A0A166TQ71	A0A2R6E0B5
A0A166TQ71	A0A2R6JF52
A0A166TQ71	M0FAK0
A0A166TQ71	A0A063ZLG1
M0N517	M0N517
M0N517	A0A2R6GBE0
A0A2H0YLI4	A0A2H0YLI4
A0A3G1A5H6	A0A3G1A5H6
L9UNS8	L9UNS8
L9UNS8	A0A346PCG0
A0A1F9KM69	A0A1F9KM69
A0A1F9KM69	A0A1F9CZL6
A0A3L7XA18	A0A3L7XA18
A0A7G9YQ59	A0A7G9YQ59
A0A2H0XXK5	A0A2H0XXK5
A0A2H6F2M7	A0A2H6F2M7
A0A2H6F2M7	A0A1G1D1B9
A0A532TDH4	A0A532TDH4
A0A2V3JPC0	A0A2V3JPC0
A0A2N2PUA8	A0A2N2PUA8
D2QTT9	D2QTT9
A0A524FDN1	A0A524FDN1
A0A524CNI5	A0A524CNI5
A0A524CNI5	A0A524CK59
A0A524CNI5	A0A524FDP1
A0A524CNI5	A0A5C9EDD4
A0A524CNI5	A0A524F226
A0A151AT15	A0A151AT15
A0A151AT15	A0A0B0EL16
A0A151AT15	A0A1G1E5Z6
A0A151AT15	A0A661LS76
A0A662BLA3	A0A662BLA3
A0A6A0HSZ6	A0A6A0HSZ6
A0A6A0HSZ6	A0A399ZVM9
A0A5E4K9Z3	A0A5E4K9Z3
A0A5E4K9Z3	A0A5E4HNF9
A0A2W7C6J6	A0A2W7C6J6
A0A1W9R164	A0A1W9R164
A0A1Q9NAZ7	A0A1Q9NAZ7
A0A1G7RWQ9	A0A1G7RWQ9
A0A5E4KF11	A0A5E4KF11
A0A5E4KF11	A0A5E4L4D6
A0A5E4KF11	A0A2V3JP24
A0A5E4KF11	A0A662RF57
A0A371K7M7	A0A371K7M7
B0JKA5	B0JKA5
A0A7G9YC00	A0A7G9YC00
A0A7G9YC00	A0A662RIK3
A0A7G9YC00	A0A520JWH3
A0A522UME4	A0A522UME4
A0A1H6F9X2	A0A1H6F9X2
A0A1H6F9X2	A0A1Y1Q196
A0A1F8QW58	A0A1F8QW58
A0A1V1P3S5	A0A1V1P3S5
A0A1V1P3S5	A0A0F2J4B2
A0A1F7RZW6	A0A1F7RZW6
A0A2R6N258	A0A2R6N258
A0A661SNX4	A0A661SNX4
A0A661SNX4	A0A0S6VPY2
A0A661SNX4	A0A661RHI0
I5B286	I5B286
A0A524APL3	A0A524APL3
A0A1G3C2T3	A0A1G3C2T3
A0A1G3C2T3	A0A1E3X3F5
A0A1G3C2T3	A0A1G2ZCK4
A0A1G3C2T3	A0A1E3XDU8
A0A524AF20	A0A524AF20
A0A524AF20	A0A520K5L1
A0A524AF20	A0A497AHD7
A0A3M1L9M3	A0A3M1L9M3
A0A3M1L9M3	A0A497BV66
A0A1W9V0E9	A0A1W9V0E9
A0A371LRH5	A0A371LRH5
A0A371LRH5	A0A1Q1FLI6
A0A371LRH5	M0PMA8
A0A371LRH5	M0BTZ8
A0A371LRH5	A0A1S8AWF5
A0A371LRH5	A0A0F7PAR7
A0A371LRH5	A0A371LDY0
A0A371LRH5	A0A081ES60
A0A371LRH5	L0AE10
A0A371LRH5	A0A371KZZ0
A0A371LRH5	A0A256KRZ1
A0A371LRH5	F7PKA2
A0A371LRH5	A0A5Q0UJS9
A0A371LRH5	A0A5N5UF30
A0A371LRH5	U1QZV2
A0A371LRH5	A0A2R6MQM4
A0A371LRH5	L0JXB0
A0A371LRH5	D4H073
A0A371LRH5	A0A2R6F6M5
A0A371LRH5	A0A4U7CWV2
A0A662AKN6	A0A662AKN6
A0A661L2E9	A0A661L2E9
A0A661SVG3	A0A661SVG3
A0A661SVG3	A0A1F8QJZ3
A0A524AC69	A0A524AC69
A0A524AC69	A0A1W9UYK4
A0A1V4RTG9	A0A1V4RTG9
A0A1V4RTG9	A0A1E7H9W4
A0A2R6FYJ6	A0A2R6FYJ6
A0A2M7AP03	A0A2M7AP03
A0A2M7AP03	A0A1E3XEK2
A0A2M7AP03	A0A662A3W5
A0A2R6MTH9	A0A2R6MTH9
A0A2R6MTH9	M0PMF7
A0A2R6MTH9	M0E0W9
A0A2R6MTH9	A0A2G1X225
A0A2R6MTH9	A0A1I6FWN7
A0A2R6MTH9	U2DZV8
A0A2R6MTH9	A0A2R6FE35
A0A063ZP61	A0A063ZP61
A0A1F2P707	A0A1F2P707
A0A1G1HGB1	A0A1G1HGB1
A0A1G1HGB1	A0A1W9M537
A0A1G1HGB1	A0A1G1HSE4
A0A1G1HGB1	A0A3M1RHK1
A0A1G1HGB1	A0A419GX18
A0A1G1HGB1	A0A6N7ATH8
A0A1G1HGB1	A0A419FPD6
A0A1G1HGB1	A0A2M7BNA2
A0A1G1HGB1	A0A2M7ECB6
A0A1G1HGB1	A0A1G3C9S1
A0A1G1HGB1	A0A1G1GRM8
A0A1G1HGB1	A0A0B0EIV8
A0A2V3JWW4	A0A2V3JWW4
A0A522IS14	A0A522IS14
A0A522IS14	Q2SW59
A0A522IS14	A0A522IVV9
A0A811T5Q1	A0A811T5Q1
A0A811T5Q1	A0A5E4KK87
A0A811T5Q1	A0A822IVL1
A0A811T5Q1	A0A7G9YE84
A0A497LGH3	A0A497LGH3
A0A329T438	A0A329T438
A0A329T438	A0A2R6LM64
A0A1H8W3F8	A0A1H8W3F8
B5YCR9	B5YCR9
A0A089ZB40	A0A089ZB40
A0A5C1EB61	A0A5C1EB61
A0A1V4BPM5	A0A1V4BPM5
U1PL79	U1PL79
A0A524EVX9	A0A524EVX9
M0N1Z4	M0N1Z4
M0N1Z4	M0N583
M0N1Z4	A0A2R6EWN6
M0N1Z4	A0A2R6K8F8
M0N1Z4	F7PEZ5
M0N1Z4	A0A2R6HJ59
M0N1Z4	A0A2R6HNE8
M0N1Z4	A0A0P7FS36
M0N1Z4	U1R2X2
M0N1Z4	A0A2R6IFA0
M0N1Z4	A0A2R6IMX4
M0N1Z4	A0A1M5PEU1
M0N1Z4	C7NUF2
M0N1Z4	A0A4D6HGK8
M0N1Z4	A0A2R6N262
M0N1Z4	A0A1N7CZY9
M0N1Z4	J3EU38
M0N1Z4	A0A1Y3AC64
M0N1Z4	A0A2G1WM79
M0N1Z4	A0A1H7V5N0
M0N1Z4	G0HZ71
M0N1Z4	A0A365T7W3
M0N1Z4	U1NA00
A0A524APW6	A0A524APW6
A0A7G9YY27	A0A7G9YY27
A0A1V1NYU8	A0A1V1NYU8
A0A1V1NYU8	A0A0M9EA28
A0A497BQF9	A0A497BQF9
A0A497BQF9	A0A1W9W524
A0A497BQF9	A0A6A0I1T8
A0A497BQF9	A0A524A415
A0A497BQF9	A0A661VG46
A0A497BQF9	A0A524AHJ7
A0A497BQF9	A0A1J5ARS2
A0A497BQF9	A0A661CZZ0
A0A497BQF9	A0A1W9X8V6
A0A497BQF9	A0A661W530
A0A497BQF9	A0A1W9UX82
A0A497BQF9	A0A3L7X951
A0A497BQF9	A0A524AUA9
A0A497BQF9	A0A2N2PW40
A0A497BQF9	A0A1J5A0C7
A0A2R6FLV1	A0A2R6FLV1
A0A2R6FLV1	M0K299
A0A2R6FLV1	M0FC56
A0A2R6FLV1	V4YA44
A0A2R6FLV1	F7PQR1
A0A2R6FLV1	M0D7A7
A0A2R6FLV1	U1QM91
A0A2R6FLV1	A0A6A9T4D8
A0A1G1D9E0	A0A1G1D9E0
A0A1G1D9E0	A0A3M1NN30
A0A445MUS5	A0A445MUS5
A0A1G3V3Z1	A0A1G3V3Z1
A0A1J4ZRD7	A0A1J4ZRD7
A0A2N2PSL5	A0A2N2PSL5
A0A0B1Z7C6	A0A0B1Z7C6
A0A0B1Z7C6	F2KM77
A0A0B1Z7C6	A0A3M3KS71
A0A2R6LZ73	A0A2R6LZ73
A0A2R6LZ73	A0A2R6DLP7
I4DAZ4	I4DAZ4
I4DAZ4	A0A6F8ZCI4
I4DAZ4	A0A2T2WGU4
A0A662VKL8	A0A662VKL8
A0A662VKL8	A0A419GQD4
A0A662VKL8	A0A0B0EKR1
A0A662VKL8	A0A661QJH2
A0A662VKL8	A0A1G3Y2D4
A0A662VKL8	A0A1G1HPP7
A0A662VKL8	A0A1G3XYA8
A0A662VKL8	A0A524ASV3
A0A662VKL8	A0A1G0KZU1
A0A662VKL8	A0A1F4QUG5
A0A662VKL8	A0A1F8TSM4
A0A662VKL8	A0A1G3XV00
A0A662VKL8	A0A1G3Y0F9
A0A662VKL8	A0A085L9I3
A0A662VKL8	A0A1E3XFE6
A0A662VKL8	A0A2M7CGT1
A0A662VKL8	A0A1W9UXV2
A0A662VKL8	A0A0S7XTZ3
A0A662VKL8	A0A1J4SDU5
A0A662VKL8	A0A523R863
A0A662VKL8	A0A2M7AK45
A0A662VKL8	A0A2I0NFC3
A0A6B9F977	A0A6B9F977
A0A6B9F977	A0A0U5H9U3
A0A6B9F977	A0A1H3HLW0
A0A6B9F977	A0A554NFT8
A0A6B9F977	A0A3N6LJZ5
A0A6B9F977	A0A1G8ZLR8
A0A6B9F977	W0JN98
A0A6B9F977	A0A3N6P9C6
A0A6B9F977	A0A3N6M440
A0A6B9F977	A0A1N7FGE3
A0A6B9F977	A0A1Q1FKG1
A0A6B9F977	A0A1H8VRL7
A0A6B9F977	D3T1K1
A0A6B9F977	V5A4F5
A0A6B9F977	A0A544QS20
A0A6B9F977	A0A3N6MEJ8
A0A6B9F977	L9VPE4
A0A6B9F977	A0A256IAG1
A0A6B9F977	A0A3A6QHB7
A0A6B9F977	A0A0F7PDI3
A0A6B9F977	L9ZLJ5
A0A6B9F977	A0A4D7H5P8
A0A6B9F977	A0A1H8VJF4
A0A6B9F977	A0A238YXS5
A0A6B9F977	A0A498FU08
A0A6B9F977	U1N8Y0
A0A6B9F977	A0A151AAA8
A0A6B9F977	L9YKV7
A0A6B9F977	A0A256IJH2
A0A6B9F977	A0A2G1X3A1
A0A6B9F977	A0A365T8F3
A0A6B9F977	A0A1H4ABA8
A0A6B9F977	U1NAI3
A0A6B9F977	A0A2R6FMF4
A0A6B9F977	A0A256IVI1
A0A3A5JKW6	A0A3A5JKW6
A0A1W9N027	A0A1W9N027
A0A1W9N027	A0A1Y2ZW04
A0A1W9N027	I4GF83
A0A1W9N027	A0A1W9SGL9
A0A1W9N027	A0A1Y1Q1D7
A0A0P0N3D8	A0A0P0N3D8
A0A497AZS8	A0A497AZS8
A0A3L7X2S9	A0A3L7X2S9
A0A661S8N7	A0A661S8N7
A0A811T6R8	A0A811T6R8
A0A662AU72	A0A662AU72
A0A662AU72	A0A1F3KR57
A0A1J4ZYB9	A0A1J4ZYB9
A0A2R6LXW5	A0A2R6LXW5
A0A2R6LXW5	A0A2R6IUI3
A0A2R6LXW5	Q9HSX0
A0A2R6LXW5	A0A2R6H7C5
A0A2R6LXW5	A0A1I5W0Y1
A0A2R6LXW5	A0A2R6ISH7
A0A2R6LXW5	U1NBW9
A0A2R6LXW5	A0A2R6D328
A0A2R6LXW5	M0GX03
A0A2R6LXW5	O51956
A0A2R6LXW5	M0FF34
A0A2R6LXW5	A0A1N7HBK5
A0A2R6LXW5	A0A1Q1FKE1
A0A2R6LXW5	M0JVX2
A0A2R6LXW5	A0A2R6H1T8
A0A2R6LXW5	A0A2R6HJI0
A0A2R6LXW5	A0A2R6FM87
A0A2R6LXW5	L9Z2A3
A0A524AM31	A0A524AM31
A0A524AM31	A0A5E4KWG9
A0A524AM31	A0A1W9XAP1
A0A524AM31	A0A1F9U1B9
A0A524AM31	A0A497B3B8
A0A524AM31	A0A1F8U8K6
A0A811THE2	A0A811THE2
A0A0P8CB26	A0A0P8CB26
A0A0P8CB26	K9ZNA1
A0A0P8CB26	A0A1W9R4R5
A0A0P8CB26	A0A497A7D7
M0NDQ3	M0NDQ3
M0NDQ3	A0A2R6JT23
A0A1F6CTT0	A0A1F6CTT0
A0A510PRB4	A0A510PRB4
A0A1J4ZXZ0	A0A1J4ZXZ0
A0A1J4ZXZ0	A0A521ICI8
A0A1J4ZXZ0	A0A2N2PW97
A0A368THV5	A0A368THV5
A0A368THV5	A0A3R7AQ40
A0A256YEC3	A0A256YEC3
A0A661S184	A0A661S184
A0A0S6VRV7	A0A0S6VRV7
A0A0S6VRV7	A0A1G0MI60
A0A0S6VRV7	A0A6N7ARN5
A0A661ISN5	A0A661ISN5
J2ZX78	J2ZX78
A0A661ZPF1	A0A661ZPF1
A0A7G9YNS5	A0A7G9YNS5
A0A7G9YNS5	A0A520K453
A0A661ZFJ8	A0A661ZFJ8
A0A520K500	A0A520K500
A0A1F8R733	A0A1F8R733
